Top of the file.
0.0
0.0010015965
0.0
0.0010006428
0.0010006428
0.0010006428
0.0
0.0009999275
0.0009999275
0.0
0.0
0.0009994507
0.0009994507
0.0
0.0
0.0009996891
0.0009996891
0.0010004044
0.0010004044
0.0010004044
0.0010049343
0.0010049343
0.0
0.0009958744
0.0009958744
0.0009958744
0.0009989738
0.0009989738
0.0019979477
0.0020003319
0.0020003319
0.001001358
0.001999855
0.000998497
0.001996994
0.000998497
0.0019989014
0.0020022392
0.0020022392
0.002001524
0.0009996891
0.0009996891
0.0020000935
0.0010004044
0.002001524
0.0010011196
0.0019991398
0.0019979477
0.0009999275
0.0009999275
0.0009996891
0.0009996891
0.0009999275
0.0009999275
0.0010004044
0.0020003319
0.001999855
0.001999855
0.0009999275
0.0010018349
0.0010018349
0.003000021
0.0009982586
0.001999855
0.0010015965
0.0020000935
0.000998497
0.0010001659
0.0010001659
0.0019996166
0.0009994507
0.0010004044
0.0029990673
0.0009992123
0.0009992123
0.0010004044
0.0010004044
0.0010008812
0.0010008812
0.0010006428
0.0010006428
0.0020000935
0.0009994507
0.0009992123
0.0009992123
0.0010004044
0.0020034313
0.0020012856
0.0030016899
0.0019991398
0.0010008812
0.0019977093
0.0009968281
0.001996994
0.0010001659
0.0010001659
0.0010001659
0.001999855
0.0009996891
0.0020010471
